0.05 40
0.058823529411764705 17
0.05 140
0.031914893617021274 94
0.11538461538461539 26
0.06976744186046512 86
0.03333333333333333 60
0.03225806451612903 62
0.03125 32
0.1 40
0.07317073170731707 82
0.02586206896551724 116
0.05263157894736842 38
0.05405405405405406 74
0.0 32
0.1 20
0.03225806451612903 62
0.043478260869565216 46
0.05 100
0.0625 48
0.0625 32
0.05555555555555555 36
0.050724637681159424 138
0.02631578947368421 38
0.1323529411764706 68
0.016666666666666666 60
0.045454545454545456 88
0.125 16
0.05 60
0.04 25
0.046875 64
0.03636363636363636 110
0.02830188679245283 106
0.029411764705882353 34
0.02830188679245283 106
0.06896551724137931 58
0.058823529411764705 34
0.05172413793103448 58
0.09302325581395349 43
0.045454545454545456 22
0.0 26
0.08333333333333333 48
0.041666666666666664 48
0.037037037037037035 54
0.03225806451612903 62
0.045454545454545456 22
0.05714285714285714 70
0.0 28
0.11363636363636363 44
0.0 20
0.0 44
0.03333333333333333 30
0.058333333333333334 120
0.05263157894736842 76
0.0 32
0.05813953488372093 172
0.023255813953488372 86
0.0 12
0.08108108108108109 37
0.0 6
0.037037037037037035 108
0.03636363636363636 110
0.03571428571428571 28
0.08333333333333333 24
0.05263157894736842 38
0.08 150
0.08695652173913043 92
0.11627906976744186 43
0.09615384615384616 104
0.02702702702702703 74
0.03125 32
0.0 26
0.029411764705882353 34
0.05263157894736842 38
0.08333333333333333 60
0.0 5
0.0 19
0.1388888888888889 36
0.0 30
0.08333333333333333 12
0.029411764705882353 68
0.0625 32
0.044444444444444446 90
0.041666666666666664 48
0.11538461538461539 26
0.029411764705882353 102
0.03333333333333333 30
0.046875 64
0.029411764705882353 34
0.1 30
0.057692307692307696 104
0.023809523809523808 42
0.0625 48
0.10714285714285714 28
0.030612244897959183 98
0.0625 80
0.0 32
0.07575757575757576 66
0.025 40
0.0625 48
0.058823529411764705 34
0.1 30
0.05 60
0.02857142857142857 70
0.05 40
0.06944444444444445 72
0.08333333333333333 60
0.03389830508474576 118
0.08571428571428572 35
0.09090909090909091 22
0.03508771929824561 114
0.05555555555555555 36
0.038461538461538464 26
0.0 26
0.03225806451612903 31
0.06521739130434782 46
0.15517241379310345 58
0.05172413793103448 58
0.030303030303030304 66
0.03333333333333333 60
0.03333333333333333 30
0.03125 32
0.029411764705882353 34
0.0 5
0.05555555555555555 54
0.03333333333333333 30
0.027777777777777776 72
0.0 30
0.043478260869565216 92
0.046875 64
0.09090909090909091 22
0.028169014084507043 142
0.06756756756756757 74
0.075 40
0.03225806451612903 62
0.0 21
0.02702702702702703 74
0.06666666666666667 30
0.039473684210526314 76
0.046875 64
0.08620689655172414 58
0.058823529411764705 17
0.0784313725490196 102
0.0 26
0.02666666666666667 150
0.08 50
0.05714285714285714 70
0.013888888888888888 72
0.03333333333333333 60
0.027777777777777776 144
0.07446808510638298 94
0.08 50
0.06060606060606061 66
0.046511627906976744 86
0.08823529411764706 34
0.03571428571428571 28
0.05263157894736842 19
0.0625 48
0.058823529411764705 34
0.08108108108108109 74
0.028846153846153848 104
0.045454545454545456 44
0.022727272727272728 44
0.02127659574468085 47
0.023809523809523808 42
0.0625 48
0.02631578947368421 38
0.0625 32
0.052083333333333336 96
0.06666666666666667 30
0.05714285714285714 70
0.07142857142857142 42
0.045454545454545456 66
0.0 10
0.019230769230769232 52
0.06818181818181818 44
0.03225806451612903 62
0.029411764705882353 34
0.023809523809523808 42
0.05 60
0.04838709677419355 62
0.06521739130434782 46
0.038461538461538464 26
0.043478260869565216 46
0.06382978723404255 47
0.06666666666666667 60
0.08888888888888889 90
0.1 20
0.016129032258064516 62
0.047619047619047616 42
0.038461538461538464 104
0.08333333333333333 12
0.03125 64
0.0 11
0.057692307692307696 52
0.05 60
0.041666666666666664 72
0.08333333333333333 24
0.07407407407407407 54
0.016666666666666666 60
0.06521739130434782 46
0.0625 48
0.09375 64
0.026785714285714284 112
0.03636363636363636 110
0.05 100
0.0 32
0.2 10
0.09090909090909091 44
0.08333333333333333 36
0.0625 112
0.057692307692307696 52
0.06382978723404255 94
0.08333333333333333 36
0.08181818181818182 110
0.029411764705882353 34
0.1 110
0.041666666666666664 48
0.03225806451612903 62
0.03125 32
0.08333333333333333 36
0.029411764705882353 68
0.03 100
0.10416666666666667 48
0.07894736842105263 38
0.08333333333333333 24
0.04411764705882353 68
0.02564102564102564 78
0.027777777777777776 108
0.0 32
0.021739130434782608 46
0.029411764705882353 34
0.041666666666666664 72
0.03333333333333333 60
0.037037037037037035 54
0.2857142857142857 7
0.041666666666666664 48
0.02631578947368421 76
0.05434782608695652 92
0.1111111111111111 36
0.05333333333333334 150
0.058823529411764705 34
0.058333333333333334 120
0.10526315789473684 38
0.028985507246376812 138
0.03571428571428571 56
0.0 28
0.037037037037037035 27
0.0 26
0.0660377358490566 106
0.03333333333333333 30
0.034482758620689655 58
0.08620689655172414 116
0.05405405405405406 74
0.08571428571428572 35
0.08139534883720931 86
0.0 28
0.05263157894736842 38
0.07142857142857142 70
0.05555555555555555 18
0.058823529411764705 34
0.0 18
0.037037037037037035 27
0.039568345323741004 278
0.0625 64
0.0 26
0.11904761904761904 42
0.029411764705882353 34
0.08571428571428572 35
0.07142857142857142 28
0.06976744186046512 43
0.18181818181818182 22
0.027777777777777776 36
0.05555555555555555 54
0.03225806451612903 124
0.029411764705882353 68
0.06666666666666667 30
0.03571428571428571 56
0.125 24
0.020833333333333332 48
0.07142857142857142 28
0.06 50
0.07291666666666667 96
0.04878048780487805 82
0.075 40
0.13333333333333333 30
0.07317073170731707 82
0.03571428571428571 28
0.045454545454545456 66
0.029411764705882353 34
0.05 20
0.05555555555555555 36
0.07142857142857142 28
0.05555555555555555 36
0.03333333333333333 30
0.1111111111111111 18
0.05263157894736842 19
0.1 50
0.027777777777777776 144
0.05172413793103448 116
0.041666666666666664 48
0.0 21
0.06666666666666667 60
0.05952380952380952 84
0.022222222222222223 90
0.075 40
0.027777777777777776 144
0.056818181818181816 88
0.039473684210526314 76
0.0 26
0.05555555555555555 108
0.12962962962962962 54
0.09375 32
0.02564102564102564 156
0.0 2
0.05555555555555555 36
0.07894736842105263 38
0.04081632653061224 98
0.027777777777777776 36
0.03125 64
0.06818181818181818 44
0.15 20
0.0641025641025641 156
0.041666666666666664 48
0.07142857142857142 28
0.09701492537313433 134
0.04838709677419355 124
0.05172413793103448 58
0.045454545454545456 44
0.0 28
0.03125 32
0.0 28
0.09722222222222222 72
0.07142857142857142 70
0.08695652173913043 46
0.07407407407407407 54
0.078125 64
0.10344827586206896 29
0.0 38
0.046875 64
0.05737704918032787 122
0.0 30
0.043478260869565216 92
0.0 15
0.03488372093023256 86
0.058823529411764705 34
0.125 16
0.0 28
0.0 8
0.038461538461538464 26
0.03125 32
0.0641025641025641 78
0.027777777777777776 36
0.08333333333333333 24
0.09375 32
0.0 18
0.0 32
0.06666666666666667 30
0.041666666666666664 24
0.18518518518518517 27
0.14285714285714285 28
0.06521739130434782 46
0.0 26
0.125 32
0.08064516129032258 124
0.11428571428571428 70
0.12195121951219512 41
0.0 42
0.041666666666666664 48
0.09183673469387756 98
0.04225352112676056 71
0.07142857142857142 42
0.030303030303030304 66
0.02702702702702703 148
0.0 24
0.08695652173913043 23
0.05714285714285714 70
0.07407407407407407 27
0.03225806451612903 62
0.07692307692307693 26
0.06451612903225806 62
0.06666666666666667 60
0.08888888888888889 45
0.058823529411764705 68
0.07608695652173914 92
0.0 4
0.024193548387096774 124
0.5 2
0.0 4
0.03333333333333333 30
0.041666666666666664 48
0.05555555555555555 90
0.05405405405405406 37
0.04838709677419355 62
0.03333333333333333 30
0.041666666666666664 96
0.075 40
0.03787878787878788 132
0.047619047619047616 42
0.06 50
0.0 2
0.0625 48
0.034482758620689655 58
0.0 26
0.07352941176470588 136
0.0 26
0.078125 64
0.07142857142857142 42
0.040983606557377046 122
0.17391304347826086 23
0.0 36
0.0 34
0.02727272727272727 110
0.08064516129032258 62
0.02631578947368421 38
0.0625 32
0.0 7
0.09615384615384616 52
0.06896551724137931 58
0.025 40
0.041666666666666664 48
0.0 2
0.1111111111111111 18
0.038461538461538464 26
0.11428571428571428 70
0.0 27
0.11363636363636363 44
0.0625 48
0.018518518518518517 54
0.02459016393442623 122
0.0 3
0.06521739130434782 46
0.1111111111111111 36
0.06818181818181818 44
0.036585365853658534 82
0.03571428571428571 28
0.041666666666666664 48
0.029411764705882353 136
0.041666666666666664 72
0.0 28
0.019230769230769232 52
0.03508771929824561 114
0.06666666666666667 60
0.07142857142857142 98
0.03125 64
0.02702702702702703 37
0.03260869565217391 92
0.02631578947368421 38
0.020833333333333332 48
0.0 26
0.04054054054054054 74
0.07692307692307693 26
0.056818181818181816 88
0.0 5
0.045454545454545456 22
0.03125 64
0.0625 48
0.03333333333333333 30
0.025 40
0.09090909090909091 11
0.058823529411764705 34
0.023809523809523808 42
0.08 50
0.075 40
0.06666666666666667 90
0.06666666666666667 60
0.07 100
0.038461538461538464 26
0.0 4
0.04 50
0.043478260869565216 23
0.02 50
0.07407407407407407 27
0.03333333333333333 60
0.02531645569620253 158
0.0625 64
0.05555555555555555 36
0.16666666666666666 18
0.0 27
0.03333333333333333 60
0.0 8
0.07142857142857142 28
0.07692307692307693 26
0.05172413793103448 58
0.05263157894736842 38
0.1111111111111111 18
0.05952380952380952 84
0.0 14
0.047619047619047616 42
0.022727272727272728 44
0.1206896551724138 58
0.11764705882352941 34
0.03164556962025317 158
0.027777777777777776 36
0.021739130434782608 46
